import java.io.*;
import java.util.Random;
import problem.*;
import search.*;


public class Run1 {
	public static void main(String[] args) throws FileNotFoundException{
		
		TravelingSalesMan p = new TravelingSalesManBridge(f, new Random());
		File file = new File("D:\\Ascent\\TPSB-random_GHC.txt");
		PrintStream steam = new PrintStream(file);
		OnePointIterativeSearch seach = new GreadyHillCliming(p,steam);
		seach.Search();
		
		p = new TravelingSalesManBridge(f, new Random());
		file = new File("D:\\Ascent\\TPSB-random_LAHC5k.txt");
		steam = new PrintStream(file);
		seach = new LateAcceptaceHillClimbing(p,steam, 5000);
		seach.Search();
		
		p = new TravelingSalesManBridge(f, new Random());
		file = new File("D:\\Ascent\\TPSB-random_LAHC10k.txt");
		steam = new PrintStream(file);
		seach = new LateAcceptaceHillClimbing(p,steam, 10000);
		seach.Search();
		
		p = new TravelingSalesManBridge(f, new Random());
		file = new File("D:\\Ascent\\TPSB-random_LAHC20k.txt");
		steam = new PrintStream(file);
		seach = new LateAcceptaceHillClimbing(p,steam, 20000);
		seach.Search();
		
		p = new TravelingSalesManBridge(f, new Random());
		file = new File("D:\\Ascent\\TPSB-random_LAHC30k.txt");
		steam = new PrintStream(file);
		seach = new LateAcceptaceHillClimbing(p,steam, 30000);
		seach.Search();
	}
	
	private static double[][] f =
			{{0.0000,23.7373,39.7988,44.1002,99.5315,88.0868,7.9514,17.6914,70.7390,69.0420,16.1702,74.8512,18.9210,24.0528,88.3307,42.8884,76.6077,56.4187,74.0079,78.3017},
			{23.7373,0.0000,15.4154,85.7502,86.5172,8.0197,68.1281,31.7177,40.3601,51.3145,83.2191,30.2495,80.9307,39.7121,39.8247,12.7376,26.2827,46.7163,47.6341,63.0390},
			{39.7988,15.4154,0.0000,83.4452,56.5708,24.8744,65.7203,39.6701,40.1748,60.3902,39.2522,79.3961,83.3375,32.1751,29.1333,74.2553,90.0344,37.9939,5.0155,16.5437},
			{44.1002,85.7502,83.4452,0.0000,73.6714,82.1597,98.7397,80.1539,64.3655,25.6688,94.9192,0.1595,99.0099,43.8554,99.8863,33.4796,14.6018,2.5097,72.2765,3.5353},
			{99.5315,86.5172,56.5708,73.6714,0.0000,81.8781,34.9040,98.1610,4.5473,70.5155,18.2203,37.0901,37.7459,64.9910,55.2825,26.9032,57.3807,27.0179,74.2161,2.7181},
			{88.0868,8.0197,24.8744,82.1597,81.8781,0.0000,64.8781,50.8358,48.7990,65.9618,2.3965,78.8143,24.3059,2.3753,68.0890,76.8285,29.0660,2.6859,75.4239,17.4477},
			{7.9514,68.1281,65.7203,98.7397,34.9040,64.8781,0.0000,63.9954,79.9337,14.0543,26.3395,93.5245,86.7941,21.1876,54.2282,6.5646,74.6600,12.5319,2.8217,32.1136},
			{17.6914,31.7177,39.6701,80.1539,98.1610,50.8358,63.9954,0.0000,39.9094,31.2504,99.5889,60.6719,42.3444,44.5241,26.1417,95.1904,91.5379,54.9731,95.7046,71.2714},
			{70.7390,40.3601,40.1748,64.3655,4.5473,48.7990,79.9337,39.9094,0.0000,44.4548,93.6761,32.9242,64.3161,66.9235,8.4330,76.5180,83.7733,19.0524,82.6576,6.7030},
			{69.0420,51.3145,60.3902,25.6688,70.5155,65.9618,14.0543,31.2504,44.4548,0.0000,61.0682,32.2875,6.3400,74.1566,80.0078,13.9912,15.8469,13.0770,10.2336,39.3385},
			{16.1702,83.2191,39.2522,94.9192,18.2203,2.3965,26.3395,99.5889,93.6761,61.0682,0.0000,1.7493,20.9675,27.2344,47.5998,83.5848,57.3513,77.3865,61.5172,54.0904},
			{74.8512,30.2495,79.3961,0.1595,37.0901,78.8143,93.5245,60.6719,32.9242,32.2875,1.7493,0.0000,25.5777,55.5792,6.1171,1.2064,33.3557,2.2836,38.1759,16.9665},
			{18.9210,80.9307,83.3375,99.0099,37.7459,24.3059,86.7941,42.3444,64.3161,6.3400,20.9675,25.5777,0.0000,10.6050,11.7376,27.8379,7.6262,57.2581,61.9323,36.8029},
			{24.0528,39.7121,32.1751,43.8554,64.9910,2.3753,21.1876,44.5241,66.9235,74.1566,27.2344,55.5792,10.6050,0.0000,74.4308,37.4926,12.2500,92.1336,13.8536,44.8709},
			{88.3307,39.8247,29.1333,99.8863,55.2825,68.0890,54.2282,26.1417,8.4330,80.0078,47.5998,6.1171,11.7376,74.4308,0.0000,99.1320,40.6848,47.7502,56.2014,69.2537},
			{42.8884,12.7376,74.2553,33.4796,26.9032,76.8285,6.5646,95.1904,76.5180,13.9912,83.5848,1.2064,27.8379,37.4926,99.1320,0.0000,95.1389,91.0661,25.1217,51.4316},
			{76.6077,26.2827,90.0344,14.6018,57.3807,29.0660,74.6600,91.5379,83.7733,15.8469,57.3513,33.3557,7.6262,12.2500,40.6848,95.1389,0.0000,99.9588,38.4130,15.4123},
			{56.4187,46.7163,37.9939,2.5097,27.0179,2.6859,12.5319,54.9731,19.0524,13.0770,77.3865,2.2836,57.2581,92.1336,47.7502,91.0661,99.9588,0.0000,37.0788,56.0795},
			{74.0079,47.6341,5.0155,72.2765,74.2161,75.4239,2.8217,95.7046,82.6576,10.2336,61.5172,38.1759,61.9323,13.8536,56.2014,25.1217,38.4130,37.0788,0.0000,9.5594},
			{78.3017,63.0390,16.5437,3.5353,2.7181,17.4477,32.1136,71.2714,6.7030,39.3385,54.0904,16.9665,36.8029,44.8709,69.2537,51.4316,15.4123,56.0795,9.5594,0.0000}};
}
